g = [0; 0];
H = [7 0; 0 2];