g = [6; 2];
H = [7 0; 0 2];